3 0.636458 0.302778 0.0770833 0.0990741
3 0.558854 0.313889 0.0557292 0.0787037
3 0.453646 0.32037 0.0567708 0.0648148
3 0.371875 0.267593 0.059375 0.0712963
3 0.257812 0.292593 0.0390625 0.0648148
3 0.107292 0.244444 0.040625 0.0462963
3 0.157292 0.3 0.0697917 0.0777778
3 0.283333 0.206481 0.05 0.0638889
3 0.384896 0.234259 0.0630208 0.0657407
3 0.953125 0.209259 0.0677083 0.05
3 0.85625 0.217593 0.0770833 0.0768519
3 0.947396 0.319444 0.0640625 0.0490741
3 0.846354 0.307407 0.0588542 0.0666667
2 0.794271 0.863889 0.246354 0.225
2 0.494792 0.884259 0.182292 0.163889
