3 0.441667 0.312037 0.0479167 0.0712963
3 0.472396 0.344444 0.0317708 0.0407407
3 0.901042 0.326852 0.028125 0.0509259
3 0.839583 0.366667 0.0416667 0.0555556
3 0.776042 0.349074 0.0354167 0.0453704
3 0.71875 0.35 0.059375 0.0796296
3 0.766667 0.262037 0.025 0.0453704
3 0.811979 0.262037 0.0505208 0.0453704
3 0.888021 0.278704 0.0546875 0.0583333
3 0.964063 0.280556 0.0317708 0.0638889
3 0.635938 0.27963 0.0369792 0.0648148
3 0.591146 0.292593 0.0557292 0.062963
3 0.50625 0.277778 0.0510417 0.0518519
3 0.321354 0.325926 0.0723958 0.0722222
3 0.228646 0.339815 0.0661458 0.0509259
3 0.150521 0.268519 0.0328125 0.0611111
9 0.181771 0.486111 0.264062 0.160185
9 0.493229 0.501852 0.233854 0.146296
9 0.765625 0.512963 0.225 0.166667
