3 0.858854 0.317593 0.0630208 0.0490741
3 0.713021 0.317593 0.0661458 0.0490741
3 0.598958 0.319444 0.03125 0.0472222
3 0.502604 0.325926 0.0421875 0.0481481
3 0.509896 0.27963 0.0380208 0.0351852
3 0.4625 0.323148 0.0541667 0.075
3 0.402604 0.323148 0.0546875 0.0564815
3 0.345313 0.335185 0.0317708 0.0407407
3 0.0916667 0.303704 0.04375 0.0537037
3 0.0546875 0.3 0.0286458 0.0407407
3 0.369271 0.452778 0.0651042 0.0546296
9 0.166146 0.441667 0.230729 0.119444
9 0.470313 0.430556 0.207813 0.10463
9 0.739062 0.44537 0.204687 0.117593
3 0.717708 0.551852 0.0395833 0.0444444
