3 0.704688 0.302778 0.0494792 0.0398148
3 0.671875 0.351852 0.0614583 0.0648148
3 0.670312 0.405556 0.117188 0.112963
3 0.848437 0.580556 0.0536458 0.0509259
3 0.538542 0.390741 0.046875 0.0703704
3 0.539583 0.571296 0.0583333 0.100926
3 0.425 0.381481 0.0635417 0.0685185
3 0.455729 0.438889 0.0723958 0.0722222
3 0.354687 0.419444 0.0734375 0.113889
3 0.38125 0.552778 0.0552083 0.0675926
3 0.341146 0.607407 0.0578125 0.0574074
3 0.450521 0.797222 0.106771 0.0842593
3 0.199479 0.437963 0.0869792 0.0731481
3 0.0947917 0.602778 0.078125 0.0824074
3 0.205208 0.617593 0.0635417 0.0768519
