3 0.238021 0.260185 0.0630208 0.0842593
3 0.155729 0.242593 0.0713542 0.0722222
3 0.084375 0.234259 0.0552083 0.0527778
3 0.0708333 0.306481 0.0604167 0.0694444
3 0.192708 0.310185 0.0645833 0.0583333
3 0.259375 0.301852 0.046875 0.0462963
3 0.331771 0.311111 0.0515625 0.0555556
3 0.404167 0.296296 0.0510417 0.0648148
3 0.461979 0.27963 0.0380208 0.0740741
3 0.588542 0.275 0.0802083 0.0824074
3 0.667708 0.268519 0.0520833 0.0759259
3 0.727083 0.268519 0.0583333 0.101852
3 0.818229 0.275 0.0796875 0.0712963
3 0.900521 0.271296 0.0557292 0.0546296
3 0.961458 0.303704 0.053125 0.112963
3 0.896875 0.335185 0.065625 0.0888889
9 0.180729 0.47963 0.221354 0.131481
9 0.444271 0.487963 0.150521 0.106481
9 0.715104 0.487963 0.226562 0.139815
