3 0.908333 0.537963 0.0958333 0.0935185
3 0.788542 0.39537 0.147917 0.186111
3 0.679688 0.384259 0.0453125 0.0657407
3 0.390625 0.32037 0.053125 0.0388889
3 0.317188 0.333333 0.0713542 0.0407407
3 0.263542 0.352778 0.08125 0.0805556
3 0.195312 0.341667 0.0609375 0.0527778
3 0.138021 0.375 0.0619792 0.0638889
3 0.921354 0.247222 0.0932292 0.167593
3 0.698438 0.250926 0.0786458 0.102778
3 0.80625 0.214815 0.075 0.107407
2 0.394792 0.472222 0.0864583 0.0907407
2 0.643229 0.557407 0.0901042 0.101852
2 0.291667 0.698148 0.11875 0.0981481
2 0.140625 0.602778 0.0864583 0.100926
