3 0.0359375 0.587037 0.0630208 0.17037
3 0.128646 0.621296 0.122396 0.232407
3 0.0744792 0.802778 0.135937 0.234259
3 0.196875 0.828704 0.14375 0.225
3 0.263542 0.638889 0.154167 0.27963
3 0.370312 0.589815 0.131771 0.234259
3 0.472396 0.564815 0.0984375 0.224074
3 0.626563 0.537963 0.192188 0.230556
3 0.811458 0.616667 0.172917 0.183333
3 0.873437 0.858333 0.220312 0.221296
3 0.711458 0.825926 0.110417 0.164815
3 0.557292 0.700926 0.110417 0.165741
3 0.396875 0.815741 0.15625 0.200926
3 0.326562 0.892593 0.0901042 0.0981481
