3 0.0385417 0.494444 0.065625 0.087037
3 0.153125 0.469444 0.123958 0.102778
3 0.271875 0.486111 0.0802083 0.0842593
3 0.339062 0.480556 0.0588542 0.0898148
3 0.402604 0.471296 0.0640625 0.0972222
3 0.484375 0.44537 0.104167 0.10463
3 0.588542 0.481481 0.059375 0.0685185
3 0.8125 0.453704 0.10625 0.107407
3 0.730729 0.461111 0.0234375 0.037037
3 0.642188 0.472222 0.0203125 0.0314815
2 0.365104 0.590741 0.0796875 0.0851852
2 0.652604 0.731481 0.176563 0.12963
2 0.565625 0.903704 0.166667 0.137037
