3 0.208854 0.511111 0.0734375 0.0648148
3 0.165104 0.521296 0.0255208 0.0416667
3 0.108854 0.52963 0.0411458 0.0388889
3 0.279167 0.523148 0.0552083 0.0509259
3 0.342708 0.508333 0.06875 0.0527778
3 0.397396 0.498148 0.0463542 0.0518519
3 0.467187 0.498148 0.0432292 0.0388889
3 0.519271 0.460185 0.0661458 0.106481
3 0.582812 0.487963 0.0651042 0.0564815
3 0.650521 0.460185 0.0671875 0.0712963
3 0.711979 0.451852 0.0546875 0.0648148
3 0.782813 0.462037 0.0838542 0.0675926
3 0.765104 0.599074 0.0213542 0.0416667
3 0.981771 0.438889 0.0265625 0.0462963
