3 0.496875 0.615741 0.0822917 0.0768519
3 0.377604 0.614815 0.0942708 0.0944444
3 0.232813 0.587037 0.140104 0.0925926
3 0.0770833 0.576852 0.0510417 0.0509259
3 0.0317708 0.585185 0.0317708 0.0481481
3 0.604688 0.707407 0.0578125 0.0666667
3 0.951042 0.618519 0.0614583 0.087037
3 0.880729 0.635185 0.103646 0.137037
3 0.757812 0.617593 0.125521 0.108333
3 0.697396 0.694444 0.0463542 0.0518519
3 0.536458 0.555556 0.040625 0.0351852
3 0.464583 0.502778 0.046875 0.0583333
3 0.427083 0.517593 0.0854167 0.0675926
3 0.355729 0.517593 0.0484375 0.0416667
3 0.757292 0.788889 0.0864583 0.0611111
3 0.127083 0.768519 0.132292 0.0851852
