3 0.960417 0.402778 0.0583333 0.128704
3 0.897396 0.402778 0.0682292 0.130556
3 0.811458 0.419444 0.09375 0.123148
3 0.639062 0.475926 0.0890625 0.0962963
3 0.565625 0.457407 0.0583333 0.0703704
3 0.556771 0.559259 0.107813 0.0925926
3 0.641667 0.591667 0.0770833 0.0638889
3 0.753646 0.615741 0.0536458 0.0472222
3 0.452083 0.597222 0.0875 0.0824074
3 0.461458 0.406481 0.0697917 0.0935185
3 0.489063 0.463889 0.0515625 0.062037
3 0.356771 0.483333 0.0744792 0.122222
3 0.297396 0.551852 0.0536458 0.0962963
3 0.0927083 0.831481 0.0520833 0.0814815
3 0.725521 0.356481 0.0286458 0.0657407
3 0.669792 0.35463 0.0322917 0.0675926
