3 0.904167 0.337037 0.0541667 0.0537037
3 0.744271 0.331481 0.0546875 0.0425926
3 0.665625 0.32037 0.0614583 0.0611111
3 0.610938 0.326852 0.0505208 0.0601852
3 0.475 0.333333 0.0666667 0.0537037
3 0.557813 0.348148 0.0380208 0.0462963
3 0.354167 0.325926 0.0614583 0.0574074
3 0.227083 0.337963 0.034375 0.037963
3 0.288542 0.297222 0.0322917 0.0324074
3 0.120833 0.337963 0.0354167 0.0435185
3 0.0828125 0.32963 0.0390625 0.0444444
3 0.0546875 0.337037 0.0505208 0.0462963
9 0.188021 0.462037 0.229687 0.132407
9 0.461458 0.460185 0.216667 0.112037
9 0.740104 0.457407 0.249479 0.101852
