3 0.229687 0.521296 0.0651042 0.0935185
3 0.161458 0.676852 0.09375 0.126852
3 0.129167 0.546296 0.0541667 0.0703704
3 0.136979 0.446296 0.0484375 0.0851852
3 0.0796875 0.499074 0.0901042 0.125
3 0.369792 0.469444 0.0510417 0.0787037
3 0.551562 0.408333 0.0630208 0.0935185
3 0.576562 0.486111 0.122396 0.110185
3 0.735938 0.414815 0.106771 0.12037
3 0.878646 0.391667 0.0942708 0.0916667
3 0.919792 0.568519 0.08125 0.0759259
3 0.744271 0.550926 0.0515625 0.0898148
3 0.335938 0.589815 0.0630208 0.0675926
3 0.289062 0.635185 0.0380208 0.0851852
3 0.325521 0.801852 0.0432292 0.087037
