3 0.363021 0.496296 0.0505208 0.0796296
3 0.225521 0.457407 0.0578125 0.0740741
3 0.308333 0.576852 0.0916667 0.062037
3 0.240625 0.581481 0.0416667 0.0888889
3 0.169792 0.6 0.0479167 0.0444444
3 0.053125 0.596296 0.0864583 0.0833333
3 0.173958 0.701852 0.0802083 0.0888889
3 0.0796875 0.77037 0.130729 0.124074
3 0.645312 0.360185 0.0421875 0.0731481
3 0.795833 0.414815 0.0958333 0.087037
2 0.428125 0.733333 0.123958 0.124074
2 0.338542 0.874074 0.214583 0.138889
2 0.813021 0.803704 0.130729 0.2
