3 0.865104 0.308333 0.0723958 0.087963
3 0.742188 0.297222 0.107813 0.137963
3 0.628125 0.307407 0.1125 0.109259
3 0.521354 0.309259 0.0932292 0.114815
3 0.388542 0.303704 0.10625 0.122222
3 0.321354 0.316667 0.0661458 0.087037
3 0.331771 0.42963 0.0421875 0.0666667
3 0.282292 0.422222 0.0583333 0.112963
3 0.227604 0.434259 0.0588542 0.0768519
3 0.173437 0.461111 0.0317708 0.0537037
3 0.322917 0.250926 0.0333333 0.0564815
3 0.466667 0.207407 0.0947917 0.125926
3 0.929167 0.272222 0.0510417 0.0925926
