9 0.182812 0.465741 0.253646 0.149074
9 0.456771 0.466667 0.209896 0.144444
9 0.753125 0.467593 0.25 0.139815
3 0.894792 0.312037 0.0416667 0.0583333
3 0.938542 0.290741 0.0427083 0.0666667
3 0.811458 0.27037 0.028125 0.0481481
3 0.757812 0.30463 0.0505208 0.062037
3 0.714063 0.325 0.0296875 0.0453704
3 0.676042 0.30463 0.0354167 0.0638889
3 0.580729 0.300926 0.0515625 0.0601852
3 0.465625 0.290741 0.0510417 0.0574074
3 0.416146 0.291667 0.0390625 0.062037
3 0.320312 0.285185 0.0432292 0.0518519
3 0.286458 0.317593 0.0385417 0.0564815
3 0.225 0.298148 0.040625 0.0611111
3 0.154167 0.278704 0.0302083 0.0305556
3 0.127604 0.318519 0.0432292 0.0555556
3 0.0979167 0.276852 0.0458333 0.0490741
3 0.0880208 0.312037 0.0619792 0.0898148
