3 0.05 0.45 0.0572917 0.087037
3 0.139583 0.644444 0.0833333 0.118519
3 0.254167 0.666667 0.111458 0.101852
3 0.463021 0.666667 0.0682292 0.0833333
3 0.576042 0.714815 0.084375 0.116667
3 0.73125 0.693519 0.0854167 0.102778
3 0.727083 0.462037 0.0572917 0.0675926
3 0.371354 0.687037 0.0328125 0.0574074
3 0.928646 0.694444 0.0838542 0.109259
3 0.932292 0.501852 0.0510417 0.0814815
3 0.824479 0.462037 0.0567708 0.0861111
3 0.797396 0.690741 0.0661458 0.151852
3 0.335417 0.812037 0.0489583 0.102778
