9 0.166667 0.524074 0.246875 0.177778
9 0.526042 0.558333 0.334375 0.182407
3 0.966146 0.362963 0.0588542 0.0759259
3 0.885417 0.355556 0.0458333 0.05
3 0.848437 0.353704 0.0609375 0.0740741
3 0.805208 0.343519 0.0520833 0.0731481
3 0.752604 0.326852 0.0442708 0.0472222
3 0.679167 0.340741 0.0479167 0.0518519
3 0.538542 0.30463 0.059375 0.0509259
3 0.457292 0.32037 0.0520833 0.0611111
3 0.417187 0.313889 0.0338542 0.0342593
3 0.353125 0.318519 0.034375 0.0555556
3 0.321875 0.312963 0.0364583 0.0518519
3 0.280729 0.302778 0.0442708 0.0509259
3 0.186979 0.327778 0.0359375 0.0592593
