3 0.969271 0.35463 0.0515625 0.0861111
3 0.888542 0.357407 0.0583333 0.0833333
3 0.813542 0.360185 0.0604167 0.0861111
3 0.757812 0.364815 0.0619792 0.0814815
3 0.688021 0.464815 0.0671875 0.0981481
3 0.603125 0.417593 0.0625 0.113889
3 0.532292 0.414815 0.059375 0.105556
3 0.458854 0.303704 0.0661458 0.103704
3 0.533854 0.336111 0.0442708 0.0731481
3 0.358333 0.353704 0.0666667 0.0944444
3 0.233333 0.338889 0.0489583 0.0666667
3 0.213021 0.426852 0.119271 0.0824074
3 0.119271 0.362963 0.0640625 0.0907407
3 0.0677083 0.459259 0.0458333 0.0851852
3 0.422917 0.533333 0.0635417 0.0703704
