3 0.0395833 0.326852 0.025 0.0416667
3 0.0307292 0.292593 0.0307292 0.0333333
3 0.127083 0.311111 0.0614583 0.0574074
3 0.177604 0.290741 0.0369792 0.0462963
3 0.23125 0.283333 0.0510417 0.0759259
3 0.277083 0.338889 0.034375 0.0555556
3 0.366146 0.262037 0.0494792 0.0583333
3 0.370312 0.337037 0.0494792 0.0462963
3 0.417708 0.275926 0.0333333 0.0518519
3 0.469792 0.262963 0.0302083 0.0425926
3 0.533854 0.259259 0.0453125 0.0462963
3 0.663021 0.341667 0.0234375 0.0342593
3 0.710417 0.310185 0.0385417 0.0675926
3 0.917188 0.303704 0.0328125 0.0722222
3 0.978125 0.289815 0.0239583 0.0675926
9 0.253125 0.509259 0.35625 0.187037
9 0.681771 0.517593 0.397396 0.158333
