3 0.0416667 0.490741 0.0583333 0.062963
3 0.102083 0.492593 0.0447917 0.0518519
3 0.144271 0.482407 0.0380208 0.0601852
3 0.184375 0.484259 0.040625 0.0490741
3 0.219792 0.471296 0.040625 0.0675926
3 0.257812 0.494444 0.0223958 0.0481481
3 0.301563 0.473148 0.0598958 0.0824074
3 0.379688 0.487963 0.0557292 0.0453704
3 0.445312 0.472222 0.0411458 0.0407407
3 0.519271 0.485185 0.0453125 0.0574074
3 0.580729 0.474074 0.0442708 0.0537037
3 0.642708 0.519444 0.0364583 0.0490741
3 0.822396 0.486111 0.0244792 0.0416667
3 0.505729 0.525926 0.0171875 0.0296296
3 0.470313 0.541667 0.0213542 0.0231481
