3 0.843229 0.35463 0.0723958 0.0657407
3 0.91875 0.377778 0.0770833 0.0555556
3 0.766146 0.360185 0.0786458 0.0731481
3 0.689583 0.278704 0.0572917 0.0768519
3 0.723437 0.299074 0.0307292 0.0453704
3 0.596354 0.273148 0.0515625 0.0546296
3 0.594271 0.361111 0.0442708 0.0537037
3 0.510938 0.296296 0.0546875 0.0648148
3 0.41875 0.253704 0.0791667 0.0574074
3 0.356771 0.260185 0.0682292 0.0601852
3 0.446875 0.322222 0.05625 0.0537037
3 0.288542 0.262037 0.0572917 0.0453704
3 0.229687 0.251852 0.0328125 0.0388889
3 0.185938 0.262037 0.0536458 0.0564815
3 0.138021 0.268519 0.0484375 0.0555556
3 0.025 0.275 0.0427083 0.0546296
9 0.165625 0.450926 0.257292 0.132407
9 0.435417 0.461111 0.236458 0.122222
9 0.751042 0.475926 0.242708 0.127778
