9 0.233854 0.483333 0.271354 0.133333
9 0.556771 0.493519 0.261979 0.152778
9 0.813542 0.526852 0.185417 0.143519
3 0.926042 0.347222 0.040625 0.0527778
3 0.816146 0.360185 0.0546875 0.0601852
3 0.715625 0.317593 0.0510417 0.0768519
3 0.644792 0.306481 0.0458333 0.062037
3 0.428125 0.305556 0.034375 0.0444444
3 0.407292 0.352778 0.0395833 0.0601852
3 0.351042 0.316667 0.034375 0.062963
3 0.227604 0.258333 0.0255208 0.037963
3 0.160938 0.258333 0.0255208 0.0361111
3 0.118229 0.253704 0.0390625 0.0574074
3 0.1 0.333333 0.0395833 0.0666667
3 0.0630208 0.287963 0.0421875 0.0768519
