9 0.132292 0.378704 0.144792 0.0657407
9 0.375521 0.412037 0.150521 0.0805556
9 0.607812 0.447222 0.213021 0.106481
9 0.821354 0.463889 0.149479 0.112037
3 0.420312 0.319444 0.0453125 0.0472222
3 0.378125 0.27963 0.0375 0.0462963
3 0.292708 0.257407 0.0395833 0.0481481
3 0.251563 0.321296 0.0380208 0.0416667
3 0.210417 0.310185 0.0354167 0.0435185
3 0.176563 0.311111 0.0390625 0.0537037
3 0.2 0.259259 0.0447917 0.0703704
3 0.134896 0.240741 0.0338542 0.0351852
3 0.129167 0.266667 0.040625 0.0407407
3 0.104688 0.305556 0.0526042 0.0685185
3 0.0609375 0.298148 0.0411458 0.0518519
3 0.0645833 0.238889 0.046875 0.0592593
