9 0.192188 0.458333 0.283854 0.147222
9 0.471875 0.456481 0.175 0.121296
9 0.735938 0.492593 0.242188 0.144444
3 0.911979 0.375 0.0359375 0.0472222
3 0.941667 0.296296 0.05 0.0574074
3 0.8625 0.274074 0.0697917 0.0685185
3 0.764062 0.278704 0.0651042 0.0787037
3 0.697917 0.276852 0.0729167 0.0657407
3 0.6625 0.32037 0.0541667 0.0518519
3 0.576562 0.257407 0.0619792 0.062963
3 0.519792 0.256481 0.0697917 0.0583333
3 0.447917 0.250926 0.040625 0.0490741
3 0.396354 0.250926 0.0661458 0.0638889
3 0.344792 0.25463 0.0489583 0.0527778
3 0.329167 0.271296 0.0427083 0.0638889
3 0.248958 0.260185 0.0479167 0.0509259
3 0.198437 0.283333 0.0651042 0.0722222
3 0.119792 0.286111 0.0489583 0.0564815
3 0.0510417 0.27037 0.06875 0.0962963
